1.620000000000000000e+02 3.200000000000000000e+02
1.421879670230863439e+02 2.991306052788550005e+02
1.358681312335032487e+02 2.664225939996684360e+02
1.496531016613321867e+02 2.349757658893462917e+02
1.869838740562840940e+02 2.086147712853669702e+02
2.430063186926595904e+02 1.869463548687018317e+02
3.077436366407560513e+02 1.700667581161408464e+02
3.726211103977000221e+02 1.597327743499905068e+02
4.353357821145075945e+02 1.566086805078602993e+02
4.980000000000000000e+02 1.560000000000000000e+02
