3
993
993
993
993
993
993
993
993
993
993
993
993
ù995
78
76
75
75
75
75
75
75
85
107
75
146
75
75
485
75
483
990
968
990
991
991
992
992
992
992
992
992
992
992
992
992
992
992
992
993
992
993
993
993
992
993
993
993
993
993
993
993
993
993
993
993
993
993
992
993
993
993
993
993
993
993
993
993
992
993
993
993
993
993
993
993
993
993
995
991
993
993
993
993
993
993
993
993
993
993
993
993
993
993
993
992
993
993
992
993
993
993
992
993
993
993
993
993
992
993
993
993
993
993
993
993
993
993
993
993
993
993
993
993
993
993
993
993
993
992
993
993
993
993
993
992
993
993
993
993
993
993
993
993
993
993
992
993
992
993
993
993
993
993
993
993
993
993
993
993
993
993
993
993
993
992
993
993
993
993
993
993
993
993
993
992
993
993
993
992
992
993
993
993
993
992
992
993
993
993
993
993
993
993
993
993
993
993
993
993
993
992
993
993
993
993
993
993
992
993
993
993
992
993
993
993
993
993
993
992
993
993
993
993
993
993
992
993
993
993
993
993
993
993
993
992
993
992
993
997
992
993
992
993
993
993
993
993
993
993
993
993
993
993
993
993
993
993
993
992
993
993
993
992
993
993
993
992
993
75
992
996
994
994
993
993
993
993
992
993
993
993
992
993
993
993
992
993
993
992
993
993
993
993
993
993
993
992
993
993
993
992
993
993
993
992
76
991
995
995
994
993
993
993
991
992
993
992
993
993
992
993
993
992
992
993
992
993
993
993
993
992
993
993
993
992
993
992
992
999
80
1003
991
992
994
994
993
991
992
993
992
993
993
992
992
993
992
993
993
992
992
993
992
993
992
993
993
993
993
993
993
993
996
78
990
994
994
993
993
993
993
993
993
993
992
993
993
992
992
992
993
993
993
992
993
992
992
993
993
993
993
992
993
992
996
80
990
994
994
993
993
993
993
993
993
993
993
993
993
992
993
993
992
993
993
993
993
993
992
992
993
993
993
993
992
993
993
993
993
993
995
1003
995
995
992
993
994
994
993
993
994
79
992
993
993
993
992
992
992
993
993
992
993
992
993
993
992
993
992
993
993
993
993
992
992
995
992
994
994
993
993
993
993
993
992
993
992
992
993
992
992
993
993
993
992
992
993
992
993
993
993
993
993
993
993
993
993
993
993
992
992
1003
1002
995
991
993
994
994
994
993
993
992
993
993
992
993
993
993
992
992
993
993
993
992
993
992
993
993
993
993
992
993
993
993
993
80
1004
993
992
994
993
993
994
994
993
991
993
992
993
993
992
993
992
992
993
993
993
993
992
992
992
993
992
993
993
993
993
993
993
992
993
993
993
993
992
993
992
993
993
993
993
993
993
993
993
993
993
993
993
993
992
993
992
993
993
993
993
993
993
992
993
993
993
993
993
992
993
993
993
992
992
991
993
993
993
993
993
992
993
993
992
993
993
992
992
993
993
993
993
993
993
993
992
993
993
993
993
993
993
993
993
993
993
993
993
993
993
993
993
993
993
993
993
993
992
993
993
993
992
993
993
993
993
993
993
993
992
993
993
993
993
993
993
993
993
993
992
993
993
993
993
993
993
992
993
993
993
994
75
992
993
992
993
993
993
993
993
992
993
993
993
993
993
993
993
993
993
993
993
993
993
993
993
993
993
993
993
993
993
993
993
993
993
993
993
993
992
993
993
993
993
992
993
993
993
993
993
993
993
993
993
993
993
993
992
993
993
993
993
993
993
993
993
993
993
993
993
993
993
993
993
993
993
993
993
992
993
993
993
993
993
993
993
993
993
993
993
993
993
993
993
993
993
993
993
992
993
993
993
993
993
993
993
993
993
993
993
993
993
993
993
993
993
993
993
993
993
992
993
993
993
993
993
993
992
993
993
992
992
993
993
993
993
993
992
992
993
993
993
992
993
993
993
993
993
992
993
993
993
992
993
992
992
993
993
993
993
993
993
993
993
993
993
993
993
993
993
993
993
992
992
992
992
993
993
993
993
993
992
993
993
993
993
993
993
993
992
993
993
993
993
993
993
993
993
993
993
993
993
993
992
993
993
993
993
993
993
993
992
993
993
992
993
993
992
993
993
993
993
992
993
993
993
993
993
992
992
993
993
993
993
993
993
992
993
993
993
993
992
993
993
993
993
993
993
993
993
993
992
993
993
993
992
993
993
992
993
993
993
993
993
993
993
993
993
993
992
993
993
993
993
993
993
993
993
993
993
992
993
993
993
993
993
993
993
993
993
993
993
993
993
993
992
993
993
993
993
992
993
993
9